# logA ns H0 omegab omegam LSST_DZ_S1 LSST_DZ_S2 LSST_DZ_S3 LSST_DZ_S4 LSST_DZ_S5 LSST_A1_1 LSST_A1_2 LSST_M1 LSST_M2 LSST_M3 LSST_M4 LSST_M5
1.246050574689920240e-02 1.982363621032187488e-03 -5.439848396087516580e-01 -4.554529162598389049e-04 -2.311041708682652987e-04 3.674961210232345871e-06 -3.945480410780921650e-06 3.589704310083916699e-06 -1.595885436013835959e-07 -2.731870219313360386e-06 -1.429043566303436286e-03 -1.448317100633481590e-02 1.456713381446394609e-05 -4.310217733963657202e-06 -5.724059857229121071e-06 2.537421610254044964e-06 -1.942495240032428113e-05
1.982363621032187488e-03 5.747894794006378144e-04 -1.172340639873629825e-01 -3.554000113426658531e-05 1.083668750278152601e-04 7.886606763270606361e-07 -4.203775222700118046e-06 -2.271504941938734648e-06 -1.037653936095812782e-06 2.327272396263313284e-06 1.722981034699043934e-04 -1.627820916179101860e-03 1.474344250774609318e-06 -1.149238435704210535e-05 -1.120657089925962660e-05 2.531622118405201518e-06 2.916109348377509398e-05
-5.439848396087516580e-01 -1.172340639873629825e-01 4.173360510353639796e+01 4.010085147742477318e-02 -2.449084588080000999e-02 -1.369006060723952265e-04 6.892411600893949162e-04 3.493383858231737926e-04 4.194996306298265061e-04 -1.780665204859450056e-04 -2.411868651495921792e-02 7.713102023253573525e-02 -5.409098641960805899e-04 1.890253449496773078e-03 2.058535695090439425e-03 3.910690561283084550e-04 -4.216704388276223611e-03
-4.554529162598389049e-04 -3.554000113426658531e-05 4.010085147742477318e-02 9.701105775146932062e-05 4.803426573003237378e-05 1.047725387180127030e-07 -1.091984066365657870e-06 -9.910759556080221092e-07 6.180324136968859027e-08 6.454087161151069679e-07 2.072899581703976189e-05 -2.385004921873264008e-04 -6.761403875471558008e-07 -3.182028223245976441e-06 -3.380204948098888134e-06 5.185130406433708550e-08 5.632512849406144027e-06
-2.311041708682652987e-04 1.083668750278152601e-04 -2.449084588080000999e-02 4.803426573003237378e-05 1.846893446714785122e-04 2.290697024398795124e-07 -3.447067952200595399e-06 -3.115129752848382240e-06 -1.604655617123264582e-06 1.536808684002781655e-06 2.819131168558764930e-04 1.351251303570588083e-03 -6.856903952972962274e-07 -1.053877842595158962e-05 -1.210629141172968321e-05 -3.497691856041238736e-06 2.245570881139438943e-05
3.674961210232345871e-06 7.886606763270606361e-07 -1.369006060723952265e-04 1.047725387180127030e-07 2.290697024398795124e-07 3.712148704392178863e-06 3.159222076314215556e-07 -3.218180451786782465e-08 -7.765100445092832550e-08 -1.282043982368555539e-08 8.293041047938962469e-07 -3.514173657172589668e-04 -3.493428640329164314e-07 1.906134243515182401e-07 1.420391250824871611e-07 1.573224223957602227e-08 -3.102969840845450954e-07
-3.945480410780921650e-06 -4.203775222700118046e-06 6.892411600893949162e-04 -1.091984066365657870e-06 -3.447067952200595399e-06 3.159222076314215556e-07 3.169608199748782098e-06 3.576831469671976346e-07 1.724520355671231633e-07 -9.894299554629291634e-08 7.231329929528580907e-06 8.121353510359234629e-05 2.724693086184278423e-07 -1.374780206307320427e-06 8.245087461299882899e-07 5.471179887380017534e-07 5.462872193522406996e-09
3.589704310083916699e-06 -2.271504941938734648e-06 3.493383858231737926e-04 -9.910759556080221092e-07 -3.115129752848382240e-06 -3.218180451786782465e-08 3.576831469671976346e-07 3.409194525197429245e-06 2.752080430647722742e-07 1.898162524264871486e-08 7.524088943856715283e-06 1.592011238287949649e-04 1.021011856641715975e-09 6.303305943650837380e-07 -1.530586585871397370e-06 6.872152455977135556e-07 2.794501790584024371e-07
-1.595885436013835959e-07 -1.037653936095812782e-06 4.194996306298265061e-04 6.180324136968859027e-08 -1.604655617123264582e-06 -7.765100445092832550e-08 1.724520355671231633e-07 2.752080430647722742e-07 3.625016027007145390e-06 1.182834536639048773e-07 7.337840230689453374e-07 7.978933759751823693e-05 -7.699367300731415540e-08 2.415325881656536353e-07 6.521282259155343780e-07 -1.411571484179372213e-06 4.989941434026707188e-07
-2.731870219313360386e-06 2.327272396263313284e-06 -1.780665204859450056e-04 6.454087161151069679e-07 1.536808684002781655e-06 -1.282043982368555539e-08 -9.894299554629291634e-08 1.898162524264871486e-08 1.182834536639048773e-07 3.900125320766275649e-06 -8.525691534355094375e-06 -1.074647665581342833e-04 -9.453556920739852370e-08 -2.829327459551448953e-08 2.443476815634547269e-07 4.244936702983569629e-07 -4.696368335347253499e-07
-1.429043566303436286e-03 1.722981034699043934e-04 -2.411868651495921792e-02 2.072899581703976189e-05 2.819131168558764930e-04 8.293041047938962469e-07 7.231329929528580907e-06 7.524088943856715283e-06 7.337840230689453374e-07 -8.525691534355094375e-06 3.793652624161707784e-03 2.696888210433531080e-02 -2.384992819222513788e-06 -1.691865891894239843e-05 -2.523755077349873770e-05 -1.520592811821675245e-05 5.384214849539026380e-05
-1.448317100633481590e-02 -1.627820916179101860e-03 7.713102023253573525e-02 -2.385004921873264008e-04 1.351251303570588083e-03 -3.514173657172589668e-04 8.121353510359234629e-05 1.592011238287949649e-04 7.978933759751823693e-05 -1.074647665581342833e-04 2.696888210433531080e-02 4.335487261457657282e-01 -2.564926611328359062e-04 4.711463755243950187e-05 3.042237981513385369e-05 -8.643308266308548718e-05 1.832624057550094338e-04
1.456713381446394609e-05 1.474344250774609318e-06 -5.409098641960805899e-04 -6.761403875471558008e-07 -6.856903952972962274e-07 -3.493428640329164314e-07 2.724693086184278423e-07 1.021011856641715975e-09 -7.699367300731415540e-08 -9.453556920739852370e-08 -2.384992819222513788e-06 -2.564926611328359062e-04 2.459566717979670765e-05 8.760408575351675260e-07 7.040808864056121824e-07 2.750905997864421520e-07 -5.773456227774123636e-08
-4.310217733963657202e-06 -1.149238435704210535e-05 1.890253449496773078e-03 -3.182028223245976441e-06 -1.053877842595158962e-05 1.906134243515182401e-07 -1.374780206307320427e-06 6.303305943650837380e-07 2.415325881656536353e-07 -2.829327459551448953e-08 -1.691865891894239843e-05 4.711463755243950187e-05 8.760408575351675260e-07 2.090012595270259279e-05 2.081111925554548050e-06 1.703750148767764746e-06 -4.163685331066048016e-07
-5.724059857229121071e-06 -1.120657089925962660e-05 2.058535695090439425e-03 -3.380204948098888134e-06 -1.210629141172968321e-05 1.420391250824871611e-07 8.245087461299882899e-07 -1.530586585871397370e-06 6.521282259155343780e-07 2.443476815634547269e-07 -2.523755077349873770e-05 3.042237981513385369e-05 7.040808864056121824e-07 2.081111925554548050e-06 1.744115757935306402e-05 3.211884466281704404e-06 1.690181940380530459e-06
2.537421610254044964e-06 2.531622118405201518e-06 3.910690561283084550e-04 5.185130406433708550e-08 -3.497691856041238736e-06 1.573224223957602227e-08 5.471179887380017534e-07 6.872152455977135556e-07 -1.411571484179372213e-06 4.244936702983569629e-07 -1.520592811821675245e-05 -8.643308266308548718e-05 2.750905997864421520e-07 1.703750148767764746e-06 3.211884466281704404e-06 1.481667650150926939e-05 5.635460919848911545e-06
-1.942495240032428113e-05 2.916109348377509398e-05 -4.216704388276223611e-03 5.632512849406144027e-06 2.245570881139438943e-05 -3.102969840845450954e-07 5.462872193522406996e-09 2.794501790584024371e-07 4.989941434026707188e-07 -4.696368335347253499e-07 5.384214849539026380e-05 1.832624057550094338e-04 -5.773456227774123636e-08 -4.163685331066048016e-07 1.690181940380530459e-06 5.635460919848911545e-06 1.756378133299540847e-05
